27
0.478 0.534627
1.4987 5.78903
3.6 4.657
1.3765 3.45
9.82 0.83211
8.5 6.5843
5.43233 8.3112
4.54673 6.47889
2.63546 9.6785
1.2 2.34563522
0.63 3.55564
1.6345 0.534627
3.312 3.4235
7.6998 9.67851
9.578 8.465
4.7002 2.5
8.445 2.503
2.43002 6.7
3.5 9.6785
3.47 6.876
0.476 8.80302
2.502 2.5
2.502 0.21
5.6332 1.367
3.37008 1.34
2.6796 4.7203
2.6875 4.783
37
3
1 12 10
3
10 11 1
4
12 22 4 10
3
12 23 22
3
23 25 22
3
25 16 22
3
23 24 25
3
25 24 16
3
23 5 24
3
16 24 6
3
24 17 6
3
24 5 17
3
5 6 17
3
22 16 13
4
4 22 13 26
3
11 4 26
3
26 2 11
3
11 2 21
3
2 9 21
3
9 2 19
3
18 19 2
4
18 20 7 19
3
20 8 7
3
8 6 7
3
7 14 19
3
14 7 6
3
6 15 14
3
16 6 8
3
3 16 8
4
13 16 3 26
3
26 3 27
3
27 3 8
3
26 27 20
3
18 26 20
3
2 26 18
3
8 20 27
3
10 4 11
2
4.002 5.75
0.7 6.5
